922352211010001
391493211010002
548118211010003
922764211010004
132042211010005
449600211010006
569896211010007
929240211010008
950818211010009
826313211010010
047111211010011
735911211010012
373933211010013
149085211010014
886265211010015
918061211010016
374281211010017
227156211010018
868648211010019
786876211010020
210358211010021
170575211010022
303481211010023
474063211010024
992845211010025
239023211010026
411272211010027
185182211010028
241708211010029
990964211010030
642094211010031
901697211010032
102465211010033
482569211010034
402542211010035
404828211010036
427747211010037
690720211010038
716346211010039
454688211010040
504579211010041
587522211010042
956756211010043
195331211010044
253693211010045
575907211010046
736886211010047
748372211010048
747876211010049
686578211010050
342314211020001
184360211020002
839613211020003
718271211020004
446619211020005
751776211020006
088011211020007
074055211020008
929918211020009
893017211020010
038328211020011
384714211020012
687531211020013
959853211020014
184219211020015
145412211020016
633445211020017
891362211020018
746541211020019
481437211020020
490313211020021
683560211020022
510809211020023
413960211020024
282296211020025
622834211020026
213818211020027
108150211020028
220370211020029
416938211020030
502136211020031
662899211020032
437304211020033
555129211020034
648649211020035
457734211020036
062084211020037
384193211020038
035949211020039
650765211020040
316816211020041
353692211020042
760801211020043
823328211020044
416360211020045
119865211020046
899990211020047
996902211020048
011112211020049
108280211020050
942460211030001
845522211030002
001830211030003
266439211030004
196264211030005
658753211030006
673549211030007
425653211030008
435974211030009
823783211030010
537958211030011
979860211030012
853684211030013
512979211030014
390880211030015
375428211030016
947408211030017
132402211030018
311203211030019
726483211030020
083328211030021
249251211030022
855412211030023
095776211030024
164621211030025
136621211030026
922757211030027
687480211030028
997599211030029
162431211030030
722843211030031
216914211030032
097038211030033
112089211030034
474476211030035
656612211030036
661068211030037
170865211030038
358864211030039
989895211030040
784184211030041
636429211030042
948218211030043
212165211030044
112806211030045
336954211030046
500006211030047
247821211030048
432447211030049
040931211030050
172455211040001
767587211040002
685699211040003
284628211040004
024951211040005
693209211040006
990108211040007
906053211040008
101818211040009
059643211040010
735994211040011
986068211040012
428053211040013
273543211040014
100939211040015
321043211040016
882822211040017
741594211040018
038503211040019
734266211040020
714358211040021
776543211040022
773536211040023
321307211040024
942298211040025
446898211040026
301032211040027
643247211040028
982968211040029
827665211040030
636613211040031
674935211040032
255032211040033
956667211040034
989974211040035
955255211040036
531214211040037
812409211040038
087138211040039
781266211040040
666503211040041
755013211040042
069047211040043
299221211040044
253900211040045
798114211040046
208375211040047
674675211040048
111225211040049
791762211040050
454131211050001
758411211050002
209318211050003
698179211050004
326572211050005
395911211050006
994050211050007
364391211050008
342328211050009
578052211050010
392176211050011
346861211050012
923084211050013
274151211050014
423028211050015
061059211050016
731036211050017
471385211050018
283567211050019
145683211050020
789827211050021
070412211050022
654456211050023
257236211050024
067763211050025
959344211050026
707495211050027
474314211050028
067406211050029
144184211050030
238522211050031
626356211050032
532021211050033
191205211050034
373533211050035
878201211050036
465617211050037
556852211050038
630095211050039
594063211050040
961203211050041
166822211050042
470080211050043
509085211050044
389089211050045
319642211050046
831928211050047
794894211050048
876191211050049
192841211050050
067078212010001
736989212010002
391108212010003
965541212010004
001934212010005
383718212010006
103954212010007
952080212010008
630415212010009
367226212010010
688414212010011
519735212010012
296985212010013
198144212010014
339529212010015
765819212010016
814838212010017
731878212010018
900617212010019
544826212010020
595440212010021
174183212010022
841289212010023
689502212010024
184478212010025
623005212010026
600331212010027
145370212010028
868146212010029
748120212010030
127415212010031
912600212010032
598122212010033
874564212010034
077106212010035
501532212010036
235248212010037
566479212010038
189271212010039
989813212010040
774246212010041
513536212010042
926435212010043
262868212010044
905648212010045
441468212010046
869836212010047
271935212010048
169556212010049
623268212010050
504802212020001
100050212020002
894276212020003
331364212020004
597399212020005
892893212020006
895698212020007
701604212020008
781062212020009
378928212020010
783386212020011
958583212020012
083934212020013
882294212020014
239811212020015
775813212020016
921611212020017
422419212020018
121038212020019
837995212020020
530571212020021
248359212020022
542606212020023
910802212020024
770579212020025
081904212020026
247746212020027
578421212020028
783853212020029
743009212020030
753167212020031
328396212020032
975813212020033
244877212020034
243317212020035
027365212020036
018323212020037
266757212020038
277164212020039
184211212020040
605833212020041
533642212020042
785416212020043
810342212020044
206427212020045
815662212020046
429601212020047
044141212020048
023056212020049
129834212020050
519855212030001
447416212030002
150896212030003
331559212030004
092697212030005
256443212030006
557442212030007
983472212030008
560784212030009
515495212030010
645146212030011
317276212030012
917750212030013
038052212030014
625759212030015
454990212030016
982768212030017
839055212030018
638976212030019
212446212030020
757489212030021
654853212030022
145255212030023
936826212030024
232162212030025
996927212030026
462941212030027
732263212030028
704375212030029
954916212030030
652301212030031
203604212030032
555364212030033
654018212030034
223153212030035
305750212030036
177499212030037
644254212030038
152180212030039
986873212030040
469921212030041
034850212030042
705972212030043
761668212030044
539063212030045
288556212030046
615891212030047
747363212030048
184582212030049
751435212030050
832892212040001
590544212040002
405164212040003
810609212040004
372344212040005
865000212040006
302161212040007
214069212040008
099397212040009
095768212040010
793500212040011
825178212040012
279097212040013
605866212040014
863192212040015
441541212040016
761911212040017
263731212040018
814897212040019
320009212040020
277490212040021
338514212040022
686875212040023
652102212040024
742524212040025
722639212040026
948880212040027
383586212040028
397762212040029
943604212040030
381036212040031
715577212040032
547681212040033
952938212040034
122023212040035
061756212040036
798439212040037
744754212040038
281674212040039
358152212040040
003589212040041
963429212040042
544856212040043
056411212040044
193372212040045
644742212040046
755751212040047
100106212040048
898474212040049
097522212040050
526644212050001
352159212050002
932464212050003
864572212050004
473945212050005
494378212050006
903668212050007
753061212050008
068085212050009
649703212050010
916119212050011
918574212050012
816306212050013
155791212050014
714731212050015
077923212050016
277496212050017
326158212050018
483842212050019
801435212050020
643101212050021
017156212050022
982056212050023
456745212050024
316419212050025
314060212050026
793656212050027
630464212050028
458729212050029
097782212050030
966887212050031
848774212050032
485110212050033
300239212050034
416960212050035
028876212050036
783111212050037
683108212050038
478993212050039
627644212050040
158087212050041
045378212050042
676669212050043
631969212050044
442031212050045
085014212050046
147123212050047
389065212050048
341679212050049
115448212050050
